    num_params  depth/(log2 width)  depth  width  best_train_acc  best_val_loss  best_val_acc  num_epochs

0        16000            0.154423      1     89        0.286653       2.734748      0.313390          41
1        16000            0.334600      2     63        0.267483       2.904942      0.296183          41
2        16000            0.528874      3     51        0.264710       2.846319      0.300138          41
3        16000            1.160558      6     36        0.254887       2.827266      0.302413          41
4        16000            2.080146     10     28        0.264390       2.802119      0.301721          41
5        16000            4.098064     18     21        0.247490       2.884165      0.282437          41
6        16000            8.190657     32     15        0.214274       3.061888      0.252275          41

7        64000            0.133766      1    178        0.299097       2.779659      0.316555          41
8        64000            0.286645      2    126        0.326555       2.643862      0.363528          41
9        64000            0.617691      4     89        0.342663       2.470581      0.393196          41
10       64000            1.153956      7     67        0.347271       2.359204      0.397943          41
11       64000            2.115497     12     51        0.341304       2.349074      0.393691          41
12       64000            4.192131     22     38        0.319809       2.487494      0.366396          41
13       64000            8.112569     39     28        0.299177       2.613571      0.339300          41

14      256000            0.250712      2    252        0.411825       2.674919      0.423853          41
15      256000            0.250712      2    252        0.411825       2.674919      0.423853          41
16      256000            0.535065      4    178        0.429360       2.305794      0.454806          41
17      256000            1.146579      8    126        0.434883       2.077902      0.479826          41
18      256000            2.130945     14     95        0.430986       2.052293      0.465882          41
19      256000            4.065208     25     71        0.410018       2.102167      0.451543          41
20      256000            8.069553     46     52        0.386061       2.217340      0.426721          41
